Unesite pocetnu i kranju vrijednost: 
+---------+----------+----------+-----------+
| Brojevi | Kvadrati | Korijeni | Logaritmi |
+---------+----------+----------+-----------+
| 93      |     8649 |    9.644 |    4.5326 |
| 94      |     8836 |    9.695 |   4.54329 |
| 95      |     9025 |    9.747 |   4.55388 |
| 96      |     9216 |    9.798 |   4.56435 |
| 97      |     9409 |    9.849 |   4.57471 |
| 98      |     9604 |    9.899 |   4.58497 |
| 99      |     9801 |     9.95 |   4.59512 |
| 100     |    10000 |       10 |   4.60517 |
| 101     |    10201 |    10.05 |   4.61512 |
| 102     |    10404 |     10.1 |   4.62497 |
| 103     |    10609 |    10.15 |   4.63473 |
+---------+----------+----------+-----------+